2.39
2.07
2.15
2.74
1.9
1.94
2.24
1.66
1.58
1.53
1.81
2.03
1.16
1.96
2.1
2.28
2.56
2.53
2.53
2.39
2.5
2.31
2.55
0.75
1.01
1.01
1.25
1.09
0.98
1.09
1.38
2.55
2.21
2.86
2.75
2.75
2.51
3.25
0.44
3.18
1.97
1.74
3.61
1.92
2.65
2.62
2.25
1.89
2.63
1.91
2.63
2.1
1.46
1.49
1.36
2.1
2.02
2.84
2.52
2.67
2.35
2.81
2.69
2.2
2.76
2.86
2.46
2.27
1.88
1.48
2.61
2.18
2.49
2.3
2.53
2.32
2.3
2.12
2.74
2.19
2.74
2.28
2.39
2.58
2.88
3.06
2.59
4.14
2.49
2.41
2.4
2.61
2.38
2.36
2.65
2.82
1.95
2.37
2.26
2.4
2.31
2.12
3.04
3.84
1.78
1.86
1.85
1.84
1.72
1.96
1.42
2.79
2.83
2.59
2.44
2.76
2.67
2.77
2.14
2.74
2.17
2.43
2.24
2.77
3.52
2.65
2.46
3.1
2.6
2.5
2.99
2.4
2.79
1.67
2.99
3.11
2.99
2
1.93
2
2.03
2.36
2.03
2.97
2.5
2.97
2.95
2.71
2.37
2.58
1.78
2.79
1.86
2.76
4.42
3.95
4.42
2.37
2.73
2.62
2.52
2.14
2.32
3.06
2.43
2.19
3.06
1.97
1.81
2
2.33
1.63
2.01
2.4
2.22
2.3
2.37
2.45
2.34
2.25
2.15
2.14
2.46
2.51
2.63
2.62
2.61
2.66
2.19
2.53
2.59
3.02
2.68
2.2
2.27
2.41
2.75
2.8
1.78
1.75
2.72
2.25
2.04
2.36
2.13
2.09
2.26
2.71
1.83
2.63
2.08
1.86
1.87
1.61
1.5
1.63
1.53
1.84
2.17
2.17
2.2
2.19
1.94
1.75
1.82
1.65
2.22
2.51
2.96
2.56
2.77
2.62
2.91
2.54
2.12
2.71
1.85
3.13
3.18
2.99
2.39
1.4
1.98
2.01
1.78
1.56
2.44
2.5
2.66
2.08
3.07
2.17
3.42
3.24
2.59
3.44
1.41
2.01
1.81
1.81
1.25
0.64
1.78
1.8
1.78
1.6
2.27
2.26
2.42
2.18
2.14
2.22
2.23
2.2
2.02
1.8
1.65
1.72
2.14
1.93
1.95
1.89
2.3
2.49
2.59
2.6
2.15
1.58
2.94
1.46
1.67
1.44
1.77
2.05
1.92
1.85
1.86
1.86
2.03
2.39
2.3
2.13
2
2.4
2.34
2.17
2.22
2.1
2.01
1.93
2.03
1.82
1.76
1.86
1.98
2.29
2.26
2.26
2.2
2.12
2.26
2.2
2.14
2.22
2.25
2.28
2.41
2.02
2.07
2.16
2.17
2.25
2.58
2.38
2.62
2.29
2.26
2.07
2.52
1.7
3.67
4
4.14
4.71
1.26
0.87
1.08
0.72
1.27
1.45
1.35
1.3
1.61
1.78
2.44
1.14
1.97
2.04
1.64
1.18
2.5
2.39
2.75
2.28
1.74
2.26
1.62
1.29
1.71
1.61
2.55
1.15
1.87
2.46
2
1.64
1.81
1.7
2.12
2.03
2.18
1.89
2.86
2.87
2.5
2.43
2.53
2.01
2.33
2.02
2.09
2
1.64
1.84
1.63
2.1
1.34
1.29
2.06
2.23
2.26
0.91
1.85
1.98
1.85
1.74
1.85
2.43
2.62
2.81
2.72
2.16
2.15
1.73
1.88
2.26
1.86
1.81
1.87
1.95
2.22
2.21
2.24
2.25
2.19
2.06
2.56
2.16
2.27
2.09
2.08
2.11
1.95
2.24
1.87
2.33
3.39
3.1
3.39
2.26
0.83
1.2
1.44
1.44
1.44
0.71
0.65
3.04
3.03
2.16
2.56
3.38
3.5
4.22
2.02
2.76
2.1
2.38
3.71
2.35
1.96
1.6
1.59
2.19
1.48
2.62
1.95
2.98
2.28
2.86
2.41
3.15
3.93
2.11
3.22
2.66
2.48
2.42
2.19
2.55
4.12
3.29
2.22
2.29
2.45
2.11
2.35
2.57
2.27
2.86
2.75
2.49
2.65
2.21
2.47
2.03
1.69
2.19
2.09
3.05
3.47
2.2
2.69
2.35
1.72
2.29
1.72
2.06
1.41
1.39
1.46
2.19
1.74
1.77
1.91
1.93
2
1.89
1.82
0.17
2.66
2.08
1.91
2.88
2.81
2.67
2.19
2.07
2.1
2.12
2.18
1.73
2.06
6.45
6.3
5.64
5.15
1.95
5.25
5.49
5.82
5.77
2
2.07
2.7
2.64
2.34
2.45
2.23
1.61
1.55
1.44
0.81
0.54
1.86
1.88
1.96
2.02
1.87
1.84
2.01
1.84
2.27
2.11
1.38
1.42
1.52
1.6
1.25
1.4
1.74
1.5
1.68
1.87
2.29
2.09
1.94
2.27
2.53
2.37
2.47
2.43
2.49
2.42
2.48
2.04
2.37
2.41
2.19
2.3
2.29
2.44
2.42
2.02
2.34
2.12
2.53
1.94
1.67
1.87
1.64
2
1.76
1.84
1.62
1.87
2.14
2.2
2.18
2.13
2.5
2.15
2.86
2.62
2.64
2.58
2.29
2.41
2.61
1.64
2.14
3
3.02
2.18
2.51
2.24
2.84
2
2.46
1.44
1.58
1.61
1.84
1.34
1.93
3
2.79
2.05
2.33
1.97
2.06
2.32
2.43
1.75
3.87
2.6
3.48
2.55
8.79
2.68
8.81
8.44
8.73
2.07
1.84
2.07
2.23
2.91
2.47
2.76
2.94
2.6
3.11
2.04
1.86
2.31
2.02
1.89
2.42
0.84
1.72
0.9
3.54
1.38
3.25
2.46
2.66
3.15
1.85
3.18
3.01
2.29
2.7
2.34
2.12
2.25
1.8
2.06
1.92
2.11
1.56
1.64
1.87
1.7
1.35
1.26
1.6
1.71
1.72
1.45
1.7
1.54
0.97
2.36
2.41
2.01
2.18
2.4
1.66
3.25
2.72
3.25
1.43
1.83
2.19
2.13
2.35
2.24
2.34
1.91
2.59
1.86
1.78
1.51
1.3
1.42
1.42
1.59
1.45
1.61
1.8
1.59
1.6
1.76
1.67
1.83
1.87
2.04
1.8
1.92
1.5
1.68
3.14
1.7
1.84
2.34
2.24
2.24
2.14
1.22
1.22
1.21
1.94
2.28
2.22
2.18
2.08
2.03
0.13
1.1
1.22
1.96
2.6
3.26
3.38
2.78
3.77
2.74
2.72
2.11
2.61
2.08
2.08
2.02
1.84
2.07
2.08
2.17
2.07
2.96
2.48
2.38
2.51
2.15
1.62
3.52
2.42
2.71
2.71
1.91
1.97
2.33
1.9
2.09
2.28
2.13
1.08
1.35
2.6
2.23
1.68
2.3
0.9
0.74
1
1.52
1.24
0.6
1.53
1.62
1
1.48
1.78
1.92
2.15
1.92
1.86
2
1.98
1.94
2.1
1.96
2.13
2.19
2.25
2.26
1.89
2.36
1.9
1.9
3.03
2.19
2.95
3.13
2.64
2.69
2.2
3.23
3.19
1.88
1.06
1.87
1.12
2.8
2.5
2.32
2.9
2.4
2.7
2.9
2.45
2.59
2.54
2.53
2.39
2.95
1.53
3.01
2.45
2.92
2.72
2.62
2.55
2.86
2.28
1.89
1.02
1.95
1.71
1.55
2.42
2.96
3.06
2.7
2.56
2.57
2.59
2.27
2.4
2.39
2.88
2.46
2.27
2.53
2.56
2.26
2.15
2.22
2.38
2.84
2.53
2.76
2.34
2.21
2.82
2.28
2.49
2.32
2.53
2.4
2.09
2.18
2.98
1.87
2.6
2.56
1.94
2.13
1.76
1.64
1.26
0.92
0.9
0.88
1.12
1.08
1.02
0.96
0.82
2.04
2.06
1.59
2.26
2.28
2.67
2.64
1.75
1.47
1.59
1.59
1.89
2.09
1.25
1.72
1.28
1.17
1.17
1.36
1.64
1.61
1.62
1.61
1.74
1.66
1.38
1.57
1.47
1.85
2.03
2.06
1.65
1.74
1.5
1.51
1.61
1.62
1.69
1.75
1.59
1.72
1.3
1.18
1.39
1.6
1.81
1.83
1.75
1.83
1.76
1.89
1.84
1.95
1.74
2.07
1.64
2.43
2.03
1.9
2.84
1.89
2.06
2.21
2.26
2.34
1.9
1.76
1.73
1.96
2.16
2.1
2.13
2.13
1.98
2.15
1.94
1.66
2.46
2.26
2.19
2.13
2.16
1.76
1.51
2.4
1.96
1.4
1.98
2.03
1.91
1.89
2
2.06
2.13
2.26
2.21
2.44
2.19
2.39
2.65
2.29
2.08
2.39
2.03
2.18
2.52
2.7
2.19
3.38
2.61
2.38
2.83
3.34
3.99
3.2
4.59
2.87
2.64
2.12
2.6
3.01
2.37
2.03
2.03
2.65
2.38
2.22
2.48
2.63
2.49
2.04
2.89
2.57
2.53
2.4
2.91
3.41
2.39
2.91
1.97
2.08
2.08
1.9
2.12
2.23
2.29
2.46
2.61
2.42
2.65
4.46
3.9
3.62
3.18
2.66
2.9
2.89
2.19
2.12
1.87
2.09
2.44
2.24
3
3.2
3.24
3.33
2.8
3.47
2.85
3.08
3.03
6.46
6.94
7.54
7.5
2.76
2.6
2.58
2.58
2.65
2.55
2.62
2.16
2.54
2.54
2.13
2.16
2.27
1.7
1.64
1.94
1.82
1.76
1.86
1.91
1.82
1.76
1.42
1.86
1.81
2.15
2.74
2.76
2.64
3.13
2.62
2.81
2.61
3.04
1.84
1.78
2.02
1.73
1.78
1.84
1.82
1.76
1.71
1.63
1.68
1.96
1.84
2.42
2.23
2.09
2.27
2.36
2.17
2.51
2.64
2.39
2.57
2.43
1.89
2.63
1.94
3.07
2.9
1.79
2.76
3.28
3.41
3.36
2.92
2.98
2.38
3.04
2.62
1.36
1.34
1.65
1.58
1.44
1.89
1.39
2
1.92
2.04
2.14
2.2
2.46
2.25
3.08
2.57
1.98
2.32
2.54
1.93
2.78
2.05
1.91
2.45
2.37
1.91
2.36
2.57
2.04
1.98
2.1
1.59
1.22
1.22
1.35
1.29
1.48
1.3
1.17
1.67
1.54
1.58
1.98
2.03
1.94
1.89
1.76
1.91
2.12
2.21
1.82
1.59
1.87
1.72
2.05
1.59
1.18
2.73
2.39
2.01
1.86
2.09
1.79
1.58
1.37
1.91
1.77
