1.98
1.51
1.72
1.37
1.46
1.41
1.32
1.54
1.54
1.54
1.21
1.37
1.58
1.45
1.68
1.61
1.63
1.37
1.43
1.49
1.42
1.71
2.56
2.57
2.26
2.21
1.93
2.02
2.16
2.51
2.35
2.35
2.05
1.98
1.9
1.52
2.92
2.95
2.14
1.62
1.74
1.57
1.56
1.47
1.25
1.3
1.33
1.35
1.55
1.63
1.7
1.74
1.79
1.64
1.85
1.82
1.85
1.89
1.85
1.89
1.84
1.84
1.87
1.83
2.04
2.05
1.75
1.95
1.9
1.93
1.93
1.89
1.83
2
2.1
1.83
1.83
1.78
1.45
1.75
1.48
1.76
1.64
1.25
1.33
1.32
1.28
1.27
1.33
1.23
1.24
1.18
1.16
1.28
1.6
2.06
1.69
1.79
2.14
1.92
1.73
1.83
2.02
1.89
2.09
1.88
1.65
1.58
1.51
1.31
1.64
1.31
1.47
1.24
1.35
2.88
2.33
1.96
2.2
2.3
2.17
2.5
2.48
2.61
2.47
2.8
2.58
2.47
2.42
1.97
2.32
1.92
1.56
1.51
1.51
1.95
1.43
1.64
1.8
1.83
1.66
1.92
1.88
2.09
1.9
1.97
2.13
2.09
1.93
2.15
2.16
2.07
2.16
2.03
2.39
2.12
1.5
1.41
1.35
1.46
1.36
1.33
1.76
1.74
1.59
1.64
1.75
2.05
1.85
1.92
1.77
2
1.82
1.76
1.96
1.43
1.7
1.56
1.75
1.34
1.97
1.84
1.93
1.84
1.82
2.23
2.26
2.14
2.19
2.31
2.54
2.12
2.46
2.67
2.31
0.02
2.32
1.84
1.58
1.46
1.49
1.52
1.53
1.07
1.51
2.12
2.11
1.22
2.8
3.27
2.7
3.66
2.36
1.71
1.56
2.13
1.78
1.43
1.21
1.51
1.45
1.43
1.47
1.74
2.22
1.89
1.45
2.06
1.89
2.7
2.1
1.73
2.02
2.4
2.33
1.66
1.25
1.9
2.21
2.38
1.46
2.3
2.89
2.88
2.76
3.07
2.95
1.63
1.84
1.47
1.77
1.67
1.76
1.7
1.82
1.82
1.88
1.85
1.93
2.18
2.28
2.32
2.25
2.32
2.38
1.79
1.72
1.68
1.96
2.15
1.87
1.96
2.07
2.01
2.4
2.18
2.1
2.2
1.9
1.86
1.73
1.44
1.7
1.77
1.58
1.75
1.73
1.75
1.41
1.39
4.23
2.6
3.45
1.87
1.77
2.12
1.97
1.88
1.9
1.87
2.05
2.26
1.82
1.98
3.25
2.6
3.2
2.71
2.12
2.71
1.42
1.66
1.63
1.63
1.33
1.29
1.2
1.26
1.11
1.11
0.9
1.65
1.54
1.26
1.72
1.63
1.6
1.71
1.88
1.91
1.63
1.62
1.36
1.76
1.9
1.62
1.58
1.96
2.16
1.96
1.96
2.12
1.91
1.76
1.85
2.29
2.17
1.72
1.63
1.86
1.67
1.88
1.76
1.92
1.43
1.26
2.82
1.68
0.82
1.01
1.74
1.63
1.79
1.66
1.44
1.62
1.89
1.99
2.16
2.04
2.05
2.15
1.55
1.57
1.35
1.18
0.65
1.2
1.67
2.86
2.8
2.5
2.32
2.39
2.35
2.17
1.96
1.98
2.01
2.16
2.07
2.08
2.15
2.37
2.28
2.46
2.6
2.18
2.17
2
2.19
1.98
1.86
1.88
