1.98
1.51
1.72
1.37
1.46
1.41
1.32
1.54
1.54
1.54
1.21
1.37
1.58
1.45
1.68
1.61
1.63
1.37
1.43
1.49
1.42
1.71
2.56
2.57
2.26
2.21
1.93
2.02
2.16
2.51
2.35
2.35
2.05
1.98
1.9
1.52
2.92
2.95
2.14
1.62
1.74
1.57
1.56
1.47
1.25
1.3
1.33
1.35
1.55
1.63
1.7
1.74
1.79
1.64
1.85
1.82
1.85
1.89
1.85
1.89
1.84
1.84
1.87
1.83
2.04
2.05
1.75
1.95
1.9
1.93
1.93
1.89
1.83
2
2.1
1.83
1.83
1.78
1.45
1.75
1.48
1.76
1.64
1.25
1.33
1.32
1.28
1.27
1.33
1.23
1.24
1.18
1.16
1.28
1.6
2.06
1.69
1.79
2.14
1.92
1.73
1.83
2.02
1.89
2.09
1.88
1.65
1.58
1.51
1.31
1.64
1.31
1.47
1.24
1.35
2.88
2.33
1.96
2.2
2.3
2.17
2.5
2.48
2.61
2.47
2.8
2.58
2.47
2.42
1.97
2.32
1.92
1.56
1.51
1.51
1.95
1.43
1.64
1.8
1.83
1.66
1.92
1.88
2.09
1.9
1.97
2.13
2.09
1.93
2.15
2.16
2.07
2.16
2.03
2.39
2.12
1.5
1.41
1.35
1.46
1.36
1.33
1.76
1.74
1.59
1.64
1.75
2.05
1.85
1.92
1.77
2
1.82
1.76
1.96
1.43
1.7
1.56
1.75
1.34
1.97
1.84
1.93
1.84
1.82
2.23
2.26
2.14
2.19
2.31
2.54
2.12
2.46
2.67
2.31
0.02
2.32
1.84
1.58
1.46
1.49
1.52
1.53
1.07
1.51
2.12
2.11
1.22
2.8
3.27
2.7
3.66
2.36
1.71
1.56
2.13
1.78
1.43
1.21
1.51
1.45
1.43
1.47
1.74
2.22
1.89
1.45
2.06
1.89
2.7
2.1
1.73
2.02
2.4
2.33
1.66
1.25
1.9
2.21
2.38
1.46
2.3
2.89
2.88
2.76
3.07
2.95
1.63
1.84
1.47
1.77
1.67
1.76
1.7
1.82
1.82
1.88
1.85
1.93
2.18
2.28
2.32
2.25
2.32
2.38
1.79
1.72
1.68
1.96
2.15
1.87
1.96
2.07
2.01
2.4
2.18
2.1
2.2
1.9
1.86
1.73
1.44
1.7
1.77
1.58
1.75
1.73
1.75
1.41
1.39
4.23
2.6
3.45
1.87
1.77
2.12
1.97
1.88
1.9
1.87
2.05
2.26
1.82
1.98
3.25
2.6
3.2
2.71
2.12
2.71
1.42
1.66
1.63
1.63
1.33
1.29
1.2
1.26
1.11
1.11
0.9
1.65
1.54
1.26
1.72
1.63
1.6
1.71
1.88
1.91
1.63
1.62
1.36
1.76
1.9
1.62
1.58
1.96
2.16
1.96
1.96
2.12
1.91
1.76
1.85
2.29
2.17
1.72
1.63
1.86
1.67
1.88
1.76
1.92
1.43
1.26
2.82
1.68
0.82
1.01
1.74
1.63
1.79
1.66
1.44
1.62
1.89
1.99
2.16
2.04
2.05
2.15
1.55
1.57
1.35
1.18
0.65
1.2
1.67
2.86
2.8
2.5
2.32
2.39
2.35
2.17
1.96
1.98
2.01
2.16
2.07
2.08
2.15
2.37
2.28
2.46
2.6
2.18
2.17
2
2.19
1.98
1.86
1.88
1.56
1.72
1.89
1.65
1.79
1.97
1.79
2.19
1.64
1.47
1.4
1.27
1.58
1.58
1.58
1.33
1.41
1.16
2.14
2.15
2.21
2.12
2.07
2.17
2.09
2.19
1.66
2.11
2.71
1.68
2.26
2.24
2.38
1.8
3.46
3.25
2.55
2.56
2.46
2.35
2.49
2.06
2.33
2.49
2.18
2.29
1.96
1.67
1.7
1.6
1.65
1.75
1.57
1.63
1.5
1.45
1.6
1.66
1.57
1.56
1.8
1.83
2.04
1.99
1.82
1.77
1.99
1.76
0.74
0.96
0.89
2.04
1.9
1.99
2.68
2.44
2.44
2.39
2.21
1.85
1.96
1.65
1.86
1.4
1.68
2.01
1.89
1.86
1.78
2.2
1.97
1.92
1.85
1.89
1.9
1.83
1.67
2.02
1.93
2.04
1.97
2.04
1.92
1.81
1.7
2.03
2.22
2.25
2.29
2.3
2.43
2.45
2.33
2.13
2.12
2.6
2.58
2.43
2.26
1.76
1.8
1.7
2
1.98
1.85
1.73
1.7
1.55
1.56
1.49
1.66
1.89
2.82
2.17
2.67
2.51
2.5
2.71
2.09
2.29
2.19
1.98
2.23
2.13
2.24
2.25
2.11
2.1
2.27
2.19
2.12
2.39
2.48
1.78
1.65
1.78
2.02
1.66
1.68
1.73
1.82
1.98
2.35
2.25
2.37
1.82
2
1.98
1.89
0.92
1.76
3.04
1.64
2.57
2.15
2.05
1.63
2.02
1.72
1.6
1.49
1.3
0.9
1.34
1.03
1.51
1.61
1.52
1.63
1.56
1.46
1.42
1.47
1.31
1.47
1.91
1.88
1.63
1.46
2.18
1.68
2.18
2.28
2.41
2.35
2.3
1.9
1.8
2.16
1.88
2.13
2.31
2.4
2.19
2.47
2.71
2.66
1.63
2.09
2.18
2.11
2.46
1.97
1.8
2.32
2.48
2.56
1.93
2.01
2.73
2.13
2.1
1.68
2.57
2.63
2.81
2.23
2.67
2.8
2.83
2.71
2.15
2.42
2.34
1.66
1.83
1.71
1.63
1.5
1.99
1.97
2
2.23
1.71
1.82
2.02
1.82
2.21
2.18
2.16
1.78
1.87
2.1
2.25
1.93
2.27
1.82
1.81
2.22
1.87
2.51
2.42
3.02
2.26
2.45
3.18
2.73
2.31
2.92
2.26
2.62
1.83
1.94
1.56
1.12
2.11
2.11
1.6
2.74
2.69
2.48
2.58
2.64
2.4
2.86
2.45
2.25
2.63
2.15
2.02
1.88
2.1
2.07
2.25
2.17
2.05
1.56
2.06
1.89
2.24
2.15
2.4
2.38
2.37
2.48
2.48
2.67
2.89
2.69
3.02
2.88
2.71
2.66
2.32
2.55
1.68
2.28
1.25
1.51
1.5
1.51
1.29
1.44
1.62
1.67
1.94
1.78
1.96
2.21
2.3
2.28
2.03
2.17
2.09
2.28
2.26
2.15
1.87
1.66
1.65
1.8
1.72
1.63
1.84
1.56
2.1
2.29
2.16
2.22
1.51
2.63
3.05
1.41
1.85
1.54
1.83
2.2
2.26
2.11
2.22
1.13
1.7
1.56
1.64
1.4
1.48
1.64
2.13
2.55
2.62
1.8
1.8
0.77
0.49
0.39
0.75
0.82
0.74
1.2
2.22
2.14
1.86
1.84
2.02
2.02
2.25
2.17
2.17
2.05
2.12
2.02
2.36
2.34
2.23
2.39
2.41
1.07
2.58
2.16
2.42
2.82
2.64
2.26
1.99
2.32
2.45
2.42
1.64
2.49
1.16
0.76
1.41
1.52
1.59
1.59
1.8
1.09
1.76
1.77
2.21
1.89
2.47
2.41
2.32
2.48
2.6
2.18
2.17
2.16
2.28
2.1
2.21
2.21
2.1
2.25
2.2
2.04
1.97
2.26
2.21
2.25
2.24
2.01
2.35
2.16
2.01
2.02
1.96
2.08
2.13
2.01
2.02
1.93
2.03
2.1
1.94
1.37
1.22
1.46
1.4
1.48
1.34
1.47
1.47
1.42
1.4
1.18
2.78
3
2.93
2.45
2.68
2.61
2.38
2.61
1.9
2.15
2.1
2.48
2.35
2.55
2.4
2.63
2.46
2.38
2.48
2.45
2.26
2.42
2.6
2.24
1.91
2.11
1.78
2.12
2.34
2
3.01
2.51
2.17
2.4
2.55
2.4
2.46
2.54
2.33
2.06
2.18
2.2
2.38
2.07
2.19
1.74
2.11
1.61
1.8
1.27
1.28
1.55
1.72
1.73
1.72
1.74
1.61
1.15
1.38
1.84
1.28
1.21
0.83
0.76
1.43
1.6
1.28
1.46
1.57
1.74
1.98
1.92
1.82
1.68
1.69
2.19
2.07
2.16
2.06
2
2.05
1.84
1.95
2.34
2.68
3.03
2.44
3.43
2.94
2.61
2.36
2.46
2.45
2.37
3.04
3.13
3.6
2.31
1.68
2.11
2.21
2.37
2.14
2.15
2.13
2.03
1.95
2.13
1.8
2.26
2.3
2.05
2.24
2.23
2.01
2.19
2.04
1.87
1.65
2.08
2.03
1.86
1.85
2.03
1.88
1.89
2.02
1.71
2.39
2.11
1.92
1.96
1.96
1.91
1.42
0
0
1.5
1.93
1.66
1.88
1.56
1.52
1.51
1.96
1.95
1.97
1.57
1.71
1.98
1.99
2.52
1.92
1.93
2
2.28
1.78
1.65
4.07
3.41
4.06
4.02
3.53
3.25
2.95
3.17
2.62
2.67
2.48
2.35
2.1
1.8
1.88
1.7
1.63
1.57
1.68
1.32
1.75
1.78
1.43
2.08
2.22
1.81
1.75
1.82
2.46
2.34
2.05
2.35
2.4
2.52
1.25
1.68
1.8
1.88
1.99
1.84
1.82
1.92
1.98
1.92
2.06
1.92
1.82
1.72
1.73
1.69
1.52
1.45
1.44
1.38
1.51
1.34
1.14
1.34
1.14
1.15
2.15
2.39
2.24
2.15
2.16
2.36
2.22
2.28
2.28
2.27
2.31
2.24
2.24
2.25
2.01
2.13
2.02
1.79
1.79
1.76
1.71
1.88
1.65
1.64
1.45
1.26
1.36
1.38
1.55
1.57
1.7
1.65
1.47
1.38
1.4
1.12
1.51
1.59
1.81
0.81
0.91
3.51
3.27
2.35
4.22
1.36
1.08
0.97
1.51
1.08
1.09
0.85
0.81
0.84
1.2
1.27
1.27
1.18
1.14
1.14
0.39
0.79
1.01
1.82
2.28
2.18
2.37
2.57
2.59
2.66
2.37
2.3
2.34
2.28
2.33
2.36
2.51
2.28
2.46
2.11
2.22
2.07
1.87
2.32
1.9
2.1
2.33
1.86
2.17
2.63
2.04
2.32
2.33
2.48
2.08
2.29
1.99
2.02
2.03
8.32
8.14
8.37
1.94
8.56
2.46
2.02
2.3
2.29
2.39
1.77
0.82
1.08
2.47
2.58
2.69
3.18
1.93
3.05
3.34
2.88
2.27
2.95
2.88
2.95
3.34
2.61
2.55
2.72
2.81
2.54
2.35
2.43
2.8
2.9
2.59
2.24
2.22
2.08
2.17
2.14
2.22
2.33
2.34
2.2
2.01
1.7
1.74
1.74
1.67
2.64
1.31
1.46
1.76
1.71
1.45
1.18
1.27
1.67
1.8
2.12
1.83
2.29
2.53
1.86
1.6
2.27
1.78
2.7
2.52
2.37
2.32
2.3
2.27
2.18
2.25
1.87
2.21
2.11
1.91
1.82
1.96
1.9
2.06
2.18
1.91
1.95
2.27
2.23
1.91
2.19
2.05
2
1.83
1.87
1.85
2.29
1.67
1.98
4.09
2.02
3.78
2.25
3.47
1.92
1.7
1.83
1.58
2.07
2.02
2.48
2.01
2.01
2.6
2.3
2.68
3.14
1.81
1.78
2.04
1.93
1.99
2.8
3.1
1.75
1.78
1.33
1.08
0.97
1.07
1.06
1.09
1.09
1
0.89
0.98
0.8
0.73
1.02
1.15
1.24
1.79
2.69
2.32
2.36
1.09
1.01
1.25
1.33
1.19
1.47
1.25
1.1
1.39
1.41
1.05
1.13
1.24
1.44
1.37
1.52
1.34
2.21
1.23
1.16
1.6
1.64
1.12
1.64
2.21
2.13
2.84
2.94
2.88
2.02
2.74
2.77
2.52
2.37
2.04
2.56
2.69
2.57
2.62
2.06
2.4
3.07
2.4
2.26
2.36
2.67
2.74
2.1
1.45
2.22
2.24
2.15
1.94
1.8
1.73
1.57
1.8
1.56
1.55
3.19
2.02
2.92
2.79
2.04
2.35
2.44
2.37
2.4
1.98
2.05
2.04
2.32
2.49
2.2
2.16
2.68
2.43
2.21
2.65
2.61
2.6
3.32
3.17
2.18
2.69
2.61
2.64
2.74
2.76
2.14
2.02
2.35
1.78
1.44
1.71
2
1.86
1.38
1.33
1.41
2.11
2.17
1.69
2.73
2.69
1.59
1.76
2.3
2.56
2.55
2.37
1.49
1.28
3.13
1.89
1.92
2.18
2.04
2.27
2.31
2.43
1.99
2.49
2.18
2.39
2.26
2.19
2.24
2.28
2.09
2.15
2.15
2.07
2.11
2.25
2.3
2.4
2.49
2.8
2.73
1.14
1.33
1.68
1.54
1.59
1.52
2.28
2.41
2.48
2.27
2.36
2.47
2.46
2.42
2.61
1.57
2.18
1.85
2.31
1.82
2.13
1.63
1.29
2.14
1.82
1.93
1.69
1.7
1.81
2.02
2.08
2.37
2.42
2.25
1.8
1.96
2
1.96
1.85
1.95
1.92
1.99
1.69
1.94
2
1.85
1.76
1.96
2.4
2.16
2.01
1.11
1.64
1.87
2.24
2.12
1.98
1.88
2.36
2.39
2.67
2.47
2.84
1.95
1.96
3.26
2.7
2.25
2.72
2.04
2.07
2.7
2.06
1.96
2.49
2.42
2.35
1.47
1.53
1.14
1.17
1.2
1.14
0.82
0.99
1.26
1.34
1.25
1.2
1.62
2.38
1.27
1.7
1.43
1.72
1.54
1.65
1.63
1.56
1.78
1.66
1.79
2.35
1.96
1.43
1.24
1.43
1.08
1.32
1.02
1.28
1.1
1.2
0.94
1.32
1.29
1.41
1.28
1.48
1.4
1.31
1.39
1.33
1.55
1.4
1.33
1.15
1.21
1.58
1.83
1.76
1.72
1.42
1.27
2.14
2.54
3.02
3.71
2.62
2.94
2.95
2.72
2.56
1.76
1.34
1.37
1.23
1.29
1.31
1.32
1.31
1.4
1.69
2.28
2.46
2.24
2.42
2.31
2.43
2.17
1.96
2.46
1.82
2.1
2.04
2.26
1.96
1.93
2.08
1.97
1.98
1.88
2.12
2.05
1.95
1.95
1.82
1.27
1.8
1.93
1.87
2.1
1.45
1.54
1.54
1.55
1.63
1.54
1.44
1.41
1.25
1.59
1.5
1.36
1.25
1.43
1.26
1.37
1.34
1.31
1.2
1.15
2
2.15
2.26
2.15
1.86
1.82
1.78
2.15
1.81
1.68
1.72
1.62
1.55
1.55
1.71
1.36
1.53
1.47
1.41
1.77
1.76
1.87
1.3
1.35
1.21
1.5
2.39
2.01
2.16
2.27
2.15
2.22
2.25
2.34
2.46
2.25
2.44
2.29
2.36
2.41
2.65
2.6
2.5
2.52
2.65
2.73
2.58
2.11
1.56
1.54
1.05
1.93
2.05
2.05
2.08
2.1
2.19
2.19
2.1
2.02
0.82
1.73
1.34
1.39
0.58
1.61
1.43
0.87
1.02
1.22
1.42
1.35
1.37
1.43
1.65
1.75
1.87
2.04
1.89
1.97
2.21
