1.34
1.34
1.15
0.91
0.75
0.61
0.52
0.42
0.29
0.08
0.07
0.08
0.06
0.1
0.09
1.11
1.73
1.73
1.7
2.09
2.04
2.23
2.38
2.38
2.54
2.53
2
1.7
2.08
1.88
1.67
1.7
1.57
1.48
1.61
1.47
1.69
1.66
1.71
1.88
2
1.98
1.88
1.8
1.73
1.88
1.85
1.76
2.41
2.13
2.03
2.02
1.95
1.9
1.98
1.88
2.01
2
1.91
1.88
1.85
1.91
2.75
2.43
3.17
3.17
2.89
2.92
1.75
0.92
0.48
0.99
0.74
0.08
0.42
0.66
1.04
1.2
1.28
1.28
1.46
1.38
1.71
1.65
1.69
1.51
1.33
1.4
1.4
1.45
1.21
1.3
1.35
1.32
1.22
1.55
2.16
1.4
1.96
1.98
2.28
2.18
2.05
2.26
2.14
2.46
2.15
2.33
2.18
2.43
1.82
2.12
1.89
1.6
1.7
2.15
1.71
1.83
1.68
1.54
1.44
1.85
1.81
1.49
1.59
1.65
1.3
1.69
1.62
2.14
1.93
1.82
2.5
2.15
1.99
2.19
2.28
2.69
2.67
2.65
2.72
2.24
2.92
2.96
2.6
2.31
2.14
2.33
2.34
2.56
1.86
1.35
1.93
1.92
2.5
2.4
2.8
2.64
2.5
2.71
2.52
2.56
2.43
1.64
1.02
0.76
0.48
1.78
1.61
1.54
1.8
1.93
1.97
1.78
1.61
1.56
1.44
1.3
1.7
2.12
1.99
1.95
1.99
1.92
1.82
1.77
2.09
2.2
2.07
1.63
1.87
2.09
1.84
1.57
1.26
1.61
1.64
1.84
1.98
1.5
1.89
1.33
1.96
1.68
1.91
1.85
2.62
2.38
2.47
1.65
3.02
2.94
3.1
2.52
2.5
2.3
2.57
2.78
2.11
2.11
1.91
1.92
0.96
1.32
1.95
1.55
1.86
1.93
1.56
1.38
1.92
2.01
1.99
1.77
1.88
1.54
1.91
1.88
2.16
1.7
1.9
1.74
1.9
1.43
1.43
1.48
1.38
1.63
1.52
1.42
1.41
1.36
1.5
1.69
1.79
1.47
1.62
1.35
1.46
1.5
1.34
1.56
1.58
1.56
1.46
1.74
1.86
1.97
1.96
1.83
1.84
1.84
2.23
2
1.88
1.82
1.62
1.52
1.79
1.84
1.89
2.46
2.64
3.01
2.61
2.68
2.52
1.89
1.59
1.4
0
2.28
1.7
1.65
1.53
1.69
1.75
1.7
1.81
1.8
1.77
1.82
1.61
1.73
1.66
1.57
1.54
1.98
1.81
1.92
1.94
1.67
1.7
1.77
1.78
1.77
1.67
1.75
1.31
1.37
1.34
1.46
1.96
2.96
2.17
2.73
2.12
2.79
2.42
2.17
2.92
1.82
2.64
2.28
1.9
2.01
1.8
1.54
1.94
2.2
1.85
1.35
2.38
3.12
2.71
2.57
2.4
3.02
3.31
2.68
2.25
1.33
1.7
2.57
1.73
1
1.09
1.19
2.73
2.39
2.52
1.85
2.34
2.51
1.55
2.06
1.89
1.74
1.91
1.86
1.51
1.89
2.02
1.82
1.96
1.89
1.61
1.59
1.82
1.47
2.24
2.14
2.48
2.7
2.26
1.57
2.39
2.16
2.09
2.13
1.67
1.86
1.91
2.05
1.91
1.74
2.08
2.05
2.16
1.91
2.17
2.35
2.35
2.1
1.7
1.7
1.74
1.84
1.78
1.51
1.94
1.68
1.97
1.5
1.65
1.78
1.83
1.64
1.58
1.78
1.86
1.71
1.69
1.76
1.84
1.5
1.57
1.57
1.17
1.36
4.12
4.36
5.76
6.54
6.84
1.52
0.93
1.7
1.82
1.68
1.37
3.72
3.52
2.32
2.92
3.09
2.95
2.82
2.5
2.47
2.46
2.28
2.32
2.36
2.27
2.28
2.19
2.09
2.07
2
2.02
2.11
2.1
2.17
2.04
1.99
1.83
1.66
2.15
2.16
2.41
2.14
2.1
1.88
2.16
1.54
1.55
1.71
1.73
1.73
1.88
1.85
1.92
1.95
1.95
1.87
1.95
1.88
2.01
1.92
2.6
2.27
2.19
1.55
1.77
1.78
1.72
1.92
1.59
1.65
2.12
1.89
2.02
2.08
1.9
1.88
1.87
1.72
0.96
0.95
1.18
0.79
0.83
0.68
0.66
0.75
0.75
0.71
0.72
0.75
0.87
0.91
0.83
0.87
0.94
1.07
1.05
1.71
1.43
1.49
1.72
1.67
1.59
1.81
1.75
1.66
1.55
1.51
1.55
1.1
0.79
0.7
0.89
0.8
1.01
1.24
1.16
1.19
1.24
1.33
1.06
0.99
0.82
0.65
1.33
0.65
0.92
1.19
1.12
1.33
1.33
1.92
1.47
1.81
1.81
2.09
2.41
2.16
2.19
1.99
1.83
2.22
1.89
1.74
1.73
1.77
1.61
1.27
1.31
1.71
2.86
2.31
2.49
1.87
2.45
3
2.58
2.68
1.98
1.2
2.29
0.98
0.92
2.18
2.21
1.48
1.47
1.59
2.15
1.33
0.91
1.35
1.36
1.42
1.23
1.2
1.18
1.04
1.31
1.43
1.39
1.24
1.38
0.92
0.82
0.91
0.77
0.84
1.66
1.69
1.77
1.72
0.97
1.12
1.08
1.32
1.29
1.3
1.14
1.33
1.22
1.5
1.56
1.55
1.54
1.61
1.61
1.46
1.46
1.39
1.57
1.6
1.71
1.47
1.67
2.02
2.01
2.03
1.68
1.58
2.22
2.01
1.98
1.8
1.63
1.51
1.58
1.51
1.58
1.56
2.81
2.11
1.7
2.21
2.45
2.52
2.22
1.86
2.16
2.51
2.2
1.45
1.61
1.37
1.32
1.27
1.62
1.57
2.19
2.21
1.85
2.06
2.03
2.01
2.07
1.94
1.97
2.16
1.67
0.99
1.1
1.34
1.08
1.22
1.29
1.67
1.56
1.56
1.66
1.99
1.74
1.77
2.17
2.41
2.78
2.86
2.55
2.39
2.61
2.22
2.48
2.41
1.88
1.89
2.17
2.06
1.82
1.7
1.84
2
1.73
2.16
2.22
2.31
2.39
2.14
2.3
2.27
2.33
2.31
1.99
2.13
2.11
2.4
2.15
2.29
2.22
2.6
2.2
2.34
2.32
2.71
3.04
2.49
2.32
1.66
2.32
1.7
2.14
2.02
1.83
1.82
1.58
1.8
1.78
1.64
1.55
1.72
1.82
1.77
1.7
1.82
1.35
1.28
1.56
1.43
1.54
1.68
1.61
1.51
1.55
1.55
1.66
1.7
1.58
1.58
1.5
1.49
1.52
1.52
1.58
1.47
1.49
1.45
1.66
1.64
1.57
1.6
1.74
1.6
1.47
1.47
1.86
1.42
1.57
